Hertz
3
248	6	1	1	2020	0.000000	987654	40	1	1.150000	1
357	4	0	1	2023	0.000000	TinyCar	20	2	0.200000	3
369	4	1	1	2022	0.000000	TheBest1	60	0	1	2	1
4
Liel
Biton
207000241
0526945659
24
Liron
Vies
035741016
0523974657
38
Sean
Gafni
207563909
0504298084
25
Tomer
Kleiner
208765198
0527863524
22
3
0	369	207000241	14	4	2024	20	4	2024	468.000000	0	2	18	0	0	468.000000	13	4	2024	0
1	357	207563909	20	9	2024	20	10	2024	1500.000000	1	4	30	1	1	1500.000000	20	5	2024	1
2	248	035741016	13	4	2024	17	4	2024	240.000000	2	1	20	2	2	240.000000	13	4	2024	0
3
Tel Aviv
Hayarkon
143	0	0
Phuket
Patong
38	1	1
New York
Manhattan
89	2	2
